2,557,628,654
2,594,939,877
2,636,772,306
2,682,053,389
2,730,228,104
2,782,098,943
2,835,299,673
2,891,349,717
2,948,137,248
3,000,716,593
3,043,001,508
3,083,966,929
3,140,093,217
3,209,827,882
3,281,201,306
3,350,425,793
3,420,677,923
3,490,333,715
3,562,313,822
3,637,159,050
3,712,697,742
3,790,326,948
3,866,568,653
3,942,096,442
4,016,608,813
4,089,083,233
4,160,185,010
4,232,084,578
4,304,105,753
4,379,013,942
4,451,362,735
4,534,410,125
4,614,566,561
4,695,736,743
4,774,569,391
4,856,462,699
4,940,571,232
5,027,200,492
5,114,557,167
5,201,440,110
5,288,955,934